9.52
9.62
9.23
9.52
9.52
9.62
9.62
9.52
9.52
9.43
9.62
9.33
49.52
49.83
49.74
46.76
46.76
46.76
46.76
46.76
46.76
46.76
46.76
46.76
46.76
46.76
46.85
46.76
46.85
46.76
46.76
46.85
46.76
46.76
46.76
46.76
46.76
46.76
46.76
46.76
46.76
46.76
46.85
46.76
46.76
46.86
46.85
46.85
46.76
46.86
46.86
46.76
46.66
46.67
46.67
46.67
46.57
46.66
46.66
46.76
46.76
46.67
46.67
46.66
79.37
87.6
81.09
82.73
72.41
81.86
81.29
81.34
58.15
82.15
53.64
82.92
76.68
82.0
82.15
57.39
82.38
82.12
61.89
82.86
60.17
81.57
47.62
81.67
82.82
47.53
81.96
81.96
82.2
65.41
79.85
83.21
79.37
82.15
81.48
82.43
47.05
46.95
47.05
80.81
80.76
80.72
61.8
82.34
56.9
80.66
81.72
64.01
82.38
51.15
81.86
53.93
47.15
47.05
46.85
76.54
81.95
81.96
75.0
81.43
67.14
82.29
81.0
49.52
80.61
80.81
80.62
66.56
81.39
47.12
47.05
80.72
54.7
81.86
80.57
81.96
66.18
82.62
52.78
81.86
77.46
60.46
69.34
81.2
53.35
47.14
47.15
81.58
53.93
81.72
81.38
82.3
49.16
81.86
82.82
70.63
81.18
79.27
82.72
83.01
82.53
47.24
47.14
47.14
76.4
82.15
71.84
80.72
82.53
68.96
82.25
83.59
67.04
82.15
52.2
83.1
52.78
82.92
82.58
67.14
82.2
82.44
51.44
82.15
66.08
82.01
59.21
78.51
82.63
82.44
81.62
81.25
54.89
81.19
47.33
47.05
80.71
69.06
82.24
83.4
56.04
81.76
82.16
68.0
81.57
72.32
66.66
78.03
52.68
82.72
47.05
47.05
79.18
64.84
80.52
81.87
80.53
82.72
50.0
72.7
81.76
54.12
82.14
73.05
81.57
73.14
47.33
46.95
46.95
67.81
80.33
80.71
56.14
74.71
64.26
81.57
53.35
81.77
81.2
82.35
81.86
81.53
81.29
63.4
81.04
82.19
81.01
80.9
82.63
53.55
82.19
81.49
60.75
81.58
81.96
65.99
81.86
79.56
82.86
50.89
82.15
82.16
81.68
56.04
82.72
69.92
69.83
81.39
82.24
52.3
81.43
81.19
83.01
51.27
76.15
47.14
47.14
47.15
81.1
65.51
81.57
80.66
81.39
81.96
59.3
81.95
80.05
66.79
82.15
64.36
81.62
82.63
63.21
82.43
56.91
73.47
81.67
82.05
68.1
82.92
50.86
73.08
82.53
82.48
81.58
61.0
69.15
81.29
47.15
47.14
79.75
79.6
73.47
81.96
82.44
52.01
82.3
82.53
62.28
82.92
53.45
81.92
83.1
69.92
47.15
47.15
47.14
55.66
81.09
82.82
54.79
81.73
52.78
83.11
80.9
67.81
81.29
55.66
81.68
81.77
82.82
81.29
69.44
74.04
78.13
48.29
83.2
82.54
78.69
59.69
79.94
83.01
55.56
81.39
82.15
82.05
51.53
47.24
47.24
79.28
83.14
73.72
79.7
82.2
82.3
82.53
82.24
52.97
70.49
81.54
82.25
82.11
81.86
60.27
82.05
82.73
69.15
82.62
82.63
81.0
71.84
82.82
81.14
67.9
82.81
83.87
75.57
83.01
64.49
82.14
47.24
47.24
81.96
71.07
81.77
60.23
68.1
81.76
75.63
82.54
82.34
57.48
72.22
83.01
54.03
81.76
47.24
47.24
47.24
81.76
82.06
82.44
77.5
83.88
61.48
81.9
75.77
82.15
66.85
82.72
63.05
82.15
83.01
66.85
83.01
82.34
67.23
81.54
81.1
71.45
65.99
82.2
82.29
77.74
82.63
61.42
83.54
81.14
81.19
47.24
47.24
47.24
98.61
108.37
114.35
125.93
118.94
114.32
113.84
128.92
112.44
129.69
112.3
113.3
122.77
126.22
118.85
123.83
47.81
47.4
107.51
116.65
109.08
114.16
113.21
124.02
119.52
132.66
47.43
47.43
116.51
117.18
117.41
120.96
47.53
78.03
122.1
118.75
111.68
95.42
99.57
94.46
113.89
109.62
103.88
48.01
116.56
113.46
47.62
112.59
114.79
47.53
112.11
114.04
106.36
116.46
50.99
110.97
114.73
47.62
113.74
111.74
47.62
111.46
112.5
107.84
116.13
54.31
111.06
112.68
47.62
112.89
113.46
47.72
109.73
111.74
47.62
115.71
112.7
107.13
113.27
48.39
111.45
119.71
47.91
113.7
112.69
47.72
114.35
114.54
47.62
111.92
114.03
47.72
111.87
111.63
108.38
117.42
49.9
108.32
113.45
49.74
111.16
116.27
47.91
114.45
114.41
87.56
114.55
59.79
112.69
114.13
47.82
116.36
114.33
47.72
115.46
114.52
93.02
113.96
74.14
112.63
115.47
47.91
117.76
118.71
47.72
116.64
114.41
47.72
113.02
114.79
47.81
112.89
113.17
47.72
110.96
113.85
107.9
115.07
49.06
112.5
115.88
48.01
115.4
116.36
47.81
117.22
113.46
47.81
112.51
112.22
104.07
113.65
53.74
52.4
112.59
113.17
94.26
113.47
51.24
111.83
116.36
48.1
110.5
113.56
47.91
110.88
115.6
47.82
114.32
112.79
108.76
114.31
65.79
113.26
115.36
47.91
114.65
119.33
47.91
112.02
114.46
47.81
113.59
113.74
107.23
117.41
50.48
113.36
113.11
48.1
113.17
115.75
47.91
113.08
113.93
47.81
116.38
114.89
107.8
112.69
80.53
98.95
113.27
50.96
112.88
115.67
48.01
114.35
110.58
48.68
116.63
114.51
47.91
113.27
113.45
100.81
117.04
50.09
112.99
115.78
47.91
117.13
116.17
47.91
112.34
92.69
113.65
114.61
48.01
118.72
116.61
47.91
113.09
111.16
107.32
114.5
48.68
112.39
116.74
48.2
118.66
114.64
87.41
119.77
68.1
113.26
114.21
48.01
114.54
115.85
48.01
117.6
112.7
47.91
112.99
114.6
48.01
118.37
115.08
47.91
121.72
70.21
110.68
114.64
48.2
116.57
121.24
48.01
114.51
114.8
48.01
115.37
114.41
48.01
117.09
116.32
48.01
117.41
90.64
108.85
112.41
49.74
117.57
116.75
48.1
118.43
113.83
113.01
112.5
48.49
113.18
115.59
48.2
112.6
115.79
48.01
113.18
111.64
112.4
120.38
48.49
116.61
118.27
48.1
118.28
113.75
109.72
115.0
51.27
112.21
115.56
48.1
110.96
113.59
48.11
113.45
111.55
97.61
112.78
55.08
116.08
116.99
48.29
115.76
118.65
48.1
113.37
113.75
112.92
116.22
48.39
113.84
123.25
48.2
112.6
113.26
70.88
115.41
56.24
113.73
114.74
48.4
113.69
115.79
48.1
114.21
111.82
111.96
111.29
48.78
111.45
116.17
48.39
116.71
114.12
89.09
112.79
55.37
111.25
116.26
48.2
117.04
113.36
79.08
115.22
63.14
113.36
114.84
48.3
114.07
116.42
48.2
115.46
113.84
103.21
116.93
49.74
111.63
114.02
48.3
113.75
113.27
91.96
112.97
57.2
113.46
114.46
48.49
113.47
120.19
48.3
112.5
111.84
48.2
117.04
113.75
114.23
115.55
48.39
116.22
123.44
48.29
115.47
112.89
100.72
115.19
52.78
48.2
120.28
94.84
114.7
112.63
48.59
103.4
114.99
112.6
119.81
116.56
122.01
99.44
48.39
111.67
121.62
116.28
48.49
112.34
110.71
120.73
48.68
91.77
114.23
118.75
51.15
88.61
117.13
115.37
48.97
114.16
115.99
115.07
48.97
94.93
116.13
114.13
49.93
112.53
119.69
113.56
48.78
114.54
120.06
119.61
50.31
48.29
113.64
116.17
89.04
48.29
113.18
113.3
100.4
78.69
119.2
116.32
50.57
105.98
114.52
118.94
53.55
48.29
112.21
117.6
108.58
67.52
121.34
117.47
49.93
48.29
121.05
118.28
52.49
97.18
120.67
118.67
82.63
48.29
121.62
117.37
116.32
48.39
118.62
113.01
117.18
48.39
111.44
116.7
113.27
48.3
109.92
113.88
114.88
48.3
114.64
114.26
117.22
48.49
104.45
112.21
116.84
50.6
48.1
107.04
117.88
121.14
113.36
117.19
113.94
115.78
126.61
48.2
111.25
118.85
114.25
115.3
48.11
106.36
110.97
115.6
66.66
48.29
119.62
113.59
117.71
48.3
88.51
118.65
122.2
114.31
48.4
98.38
122.2
113.97
114.93
48.29
108.76
114.45
115.7
80.43
48.2
121.24
116.9
116.83
48.39
111.29
109.62
120.76
114.69
48.2
112.5
122.96
114.03
48.39
51.37
120.76
115.68
118.75
48.2
111.54
120.25
119.71
114.07
48.2
113.48
117.67
114.82
117.28
48.29
114.45
111.74
123.92
113.54
48.2
114.6
121.53
111.49
122.3
48.2
111.35
124.3
118.27
48.39
48.1
114.6
119.9
115.65
48.29
102.35
114.93
112.49
119.1
48.29
89.28
115.87
109.14
117.22
48.2
115.79
112.51
115.78
121.71
48.29
114.4
116.07
117.03
113.14
48.3
112.98
120.95
114.41
48.49
48.2
112.21
117.12
114.65
48.3
47.82
111.77
116.83
114.56
48.3
110.0
117.6
117.85
73.56
48.29
115.85
119.04
122.29
48.58
82.14
113.07
112.98
119.82
48.49
108.28
110.4
118.85
63.91
48.39
112.12
124.3
118.55
48.49
48.3
117.61
113.95
116.04
48.49
114.35
112.79
116.35
118.85
48.39
112.5
113.78
120.19
118.46
48.29
113.58
121.15
124.3
49.74
48.29
119.9
113.84
116.93
48.49
89.76
121.33
115.78
120.38
48.39
115.22
115.69
119.52
115.98
48.39
112.05
121.72
117.6
53.45
48.29
112.51
121.34
115.88
48.29
113.3
114.21
124.3
115.8
48.29
109.76
121.05
116.09
72.22
48.29
113.93
113.45
116.18
48.49
114.16
114.51
120.19
119.29
48.49
110.78
112.54
116.64
117.82
48.39
113.88
118.84
115.99
48.58
51.15
117.12
113.36
115.68
48.58
105.7
112.12
110.52
119.19
48.49
108.18
114.42
120.76
103.12
48.49
111.07
109.46
126.92
48.68
48.29
113.45
119.33
119.71
48.59
88.9
117.31
113.37
116.71
48.4
100.43
114.32
120.19
112.69
48.4
86.12
110.42
114.26
117.33
48.39
113.96
121.53
115.84
119.77
48.49
114.73
117.61
118.04
52.97
48.49
118.14
119.23
119.23
48.68
115.84
113.55
117.8
117.03
48.58
113.46
125.36
116.42
48.68
99.77
115.7
109.43
121.82
48.39
110.29
115.38
119.42
118.27
48.49
110.29
117.47
116.18
115.12
48.39
117.51
113.84
124.59
48.68
59.37
115.01
120.83
116.93
48.59
111.48
121.72
115.88
114.26
48.58
103.59
113.84
126.14
113.17
131.7
112.02
109.25
122.11
48.97
75.54
120.0
121.72
114.74
48.68
55.08
112.42
118.34
117.12
48.68
48.49
105.59
112.78
108.76
117.22
109.53
114.14
107.91
51.05
48.39
114.55
115.23
113.97
122.77
48.59
108.86
113.2
117.8
125.07
48.59
105.5
113.68
110.4
130.31
115.36
108.57
126.7
119.82
49.06
48.3
113.59
113.84
117.12
111.54
48.58
114.79
121.53
117.86
121.14
48.58
115.74
118.09
117.51
120.19
48.3
108.09
113.84
121.72
120.86
48.68
48.3
109.83
120.38
123.73
113.87
48.58
48.49
113.55
117.79
117.6
123.16
48.58
48.29
48.3
47.81
127.49
107.89
118.27
133.88
114.45
112.61
124.4
120.28
124.98
129.39
118.74
122.96
112.88
119.72
132.06
107.43
143.85
121.24
48.3
48.29
48.29
48.3
112.04
121.14
116.26
112.9
112.68
114.35
128.92
126.41
120.18
131.5
119.89
112.41
111.57
128.8
117.69
148.91
113.29
117.51
111.15
135.8
130.92
126.99
106.38
127.37
48.78
48.3
48.29
48.29
48.29
109.55
115.98
112.24
117.79
108.76
117.99
119.13
125.36
117.86
105.69
126.5
130.08
132.83
128.31
128.14
126.72
109.81
127.85
138.86
110.96
119.61
135.7
112.91
133.02
134.56
118.84
71.64
48.59
48.29
48.29
48.29
47.82
106.55
104.83
110.38
123.25
134.27
111.54
103.96
131.21
122.1
110.01
126.97
111.19
115.7
118.27
48.68
48.49
48.4
48.39
48.4
109.36
108.79
116.74
120.37
108.28
119.33
119.99
122.48
111.36
124.41
118.43
126.79
116.23
114.45
136.95
133.31
124.59
112.72
137.62
134.94
136.95
130.93
107.52
111.96
127.66
112.5
114.93
48.58
48.39
48.3
48.29
48.29
109.55
119.41
116.35
120.75
111.0
118.46
122.01
124.4
108.87
112.91
112.3
120.76
115.56
115.22
114.26
119.04
120.76
122.11
118.56
120.28
125.64
112.88
127.88
131.04
135.61
116.73
117.5
48.39
48.29
48.3
48.29
48.3
48.2
109.36
125.06
115.4
106.26
117.12
116.17
109.47
116.26
111.64
104.63
132.75
123.82
109.94
120.08
130.04
140.89
105.62
119.72
122.3
131.08
105.59
138.19
110.78
116.46
110.97
133.5
117.42
129.38
48.49
48.3
48.2
48.2
48.2
59.02
112.24
112.72
115.5
117.4
107.41
120.85
118.65
120.69
111.83
109.17
133.5
123.15
132.16
118.57
117.6
118.95
104.54
118.75
117.99
127.49
113.01
129.01
125.0
114.83
133.6
134.09
115.68
120.18
48.39
48.39
48.2
48.2
48.2
119.42
113.77
113.55
126.7
134.94
120.48
117.19
102.52
114.51
120.95
134.36
120.1
119.23
127.88
127.75
48.97
48.58
48.49
48.2
48.2
48.2
110.96
106.36
108.37
112.59
109.91
108.75
115.59
121.91
122.39
120.37
127.84
107.05
106.84
133.88
125.35
130.18
128.74
134.27
118.24
117.32
131.02
107.89
135.8
124.11
115.56
123.06
135.61
123.73
120.09
50.32
50.31
50.12
50.22
50.03
132.64
132.65
127.56
135.8
152.35
156.39
145.76
157.92
153.43
133.79
128.15
126.02
151.01
131.59
137.52
50.41
50.31
50.31
50.19
50.12
127.39
121.9
135.31
129.85
106.68
132.55
129.77
155.89
146.14
137.91
136.85
137.25
132.08
146.54
138.31
50.41
50.22
50.12
50.12
50.12
121.52
111.38
121.61
130.23
110.32
135.04
129.36
123.56
137.62
132.45
138.29
119.25
141.63
143.1
141.57
50.38
50.28
50.31
50.22
50.22
119.03
109.43
119.22
121.9
134.37
130.65
130.27
118.21
130.32
122.38
141.84
136.87
153.69
140.77
135.7
50.41
50.19
50.31
50.22
50.22
50.12
125.64
116.45
139.15
143.37
123.72
122.0
132.73
116.36
141.85
137.7
139.07
119.03
126.6
137.13
50.67
50.41
50.31
50.31
50.31
49.64
118.46
124.2
142.68
132.27
126.97
107.73
134.56
129.5
115.96
123.14
121.81
142.9
146.14
147.57
50.6
50.41
50.28
50.31
50.31
50.0
116.36
114.73
124.4
127.08
126.7
111.65
132.94
124.69
114.81
123.62
117.79
135.31
136.08
144.71
50.6
50.41
50.31
50.31
50.31
103.5
117.99
109.07
122.8
128.05
131.1
153.69
150.06
132.93
149.77
117.78
111.74
130.63
125.06
146.9
50.51
50.41
50.41
50.31
50.31
104.54
133.98
113.47
133.6
115.97
144.98
121.9
110.42
140.33
137.13
155.03
149.01
136.08
146.71
127.28
50.51
50.41
50.31
50.31
50.31
63.3
120.27
115.01
123.43
132.36
130.45
125.35
135.42
128.89
115.96
131.96
146.99
143.34
145.96
126.62
50.7
50.48
50.31
50.31
50.31
111.09
127.36
104.82
125.19
138.57
128.98
147.93
156.0
135.32
158.4
150.05
135.32
149.29
151.87
134.55
50.57
50.41
50.41
50.22
50.19
111.72
122.0
105.4
129.02
134.85
133.32
141.05
132.04
129.45
115.86
132.73
154.17
148.24
145.73
145.47
50.7
50.31
50.31
50.28
50.31
50.22
131.22
134.17
126.33
126.79
143.19
133.41
134.75
151.2
138.27
135.52
121.34
116.83
152.64
150.54
149.31
50.48
50.41
50.28
50.31
50.31
123.43
109.56
125.67
130.52
148.05
151.3
125.69
155.32
145.95
137.72
127.57
114.15
150.82
154.07
135.41
50.6
50.41
50.38
50.31
50.28
50.22
50.22
113.77
126.62
116.64
128.23
117.69
127.75
128.7
126.05
146.49
138.09
150.15
151.87
128.43
126.72
102.73
50.6
50.28
50.41
50.31
50.31
114.06
119.9
144.29
136.37
128.89
125.47
125.36
123.54
115.1
132.63
151.3
150.92
137.9
128.64
50.57
50.41
50.41
50.31
50.31
112.78
122.18
106.93
125.09
147.21
136.18
153.98
131.79
135.51
156.39
148.81
143.56
151.3
150.34
129.76
50.67
50.48
50.38
50.41
50.31
105.01
136.56
128.16
147.88
109.27
132.46
128.12
137.99
132.74
118.84
117.5
150.82
116.54
128.12
147.09
50.6
50.38
50.41
50.31
50.31
49.93
127.84
119.32
131.43
130.56
129.74
134.17
134.94
129.68
115.96
130.82
122.39
141.65
139.72
146.25
50.7
50.51
50.48
50.31
50.41
50.31
133.41
137.04
123.62
130.51
145.96
138.67
134.94
147.66
132.93
132.55
127.97
111.95
151.21
139.75
138.99
50.48
50.51
50.51
50.32
50.31
50.31
136.94
125.77
131.11
131.27
132.17
146.14
145.18
132.36
147.28
148.53
150.82
144.4
145.87
135.54
50.6
50.51
50.38
50.31
50.31
113.77
121.99
130.13
151.2
132.84
113.77
140.4
151.11
117.4
121.63
138.47
154.93
151.68
148.15
51.92
50.6
50.51
50.41
50.32
50.28
132.83
137.71
124.3
136.38
151.78
152.27
154.67
150.73
117.3
131.01
117.69
154.86
135.6
134.65
51.92
50.6
50.31
50.31
50.32
50.31
123.43
122.86
131.28
131.19
129.46
116.73
130.89
131.87
114.71
132.44
128.25
148.34
134.36
148.5
50.67
50.51
50.51
50.38
50.38
105.12
138.28
140.48
139.14
138.29
155.79
130.93
113.58
135.9
143.75
155.53
143.18
122.0
150.15
152.74
105.98
119.05
50.6
50.38
