9.81
10.87
9.71
9.52
9.71
9.62
9.52
9.43
9.52
44.08
50.03
49.93
46.85
46.66
46.66
46.66
46.66
46.76
46.66
46.76
46.76
46.76
46.76
46.76
46.76
46.66
46.85
46.66
46.95
46.85
46.67
46.86
46.66
46.66
46.85
54.41
95.99
87.65
46.76
46.76
46.76
101.1
106.46
121.13
114.06
117.41
108.96
119.29
106.28
115.02
122.0
105.23
53.74
46.95
46.86
122.48
123.25
47.14
46.95
46.18
118.37
110.77
46.95
46.92
46.85
46.28
101.19
116.04
120.75
106.17
98.57
112.81
111.16
112.49
121.53
122.39
107.15
126.23
106.09
117.67
109.54
47.05
46.95
46.95
46.09
123.37
116.93
51.24
47.05
47.05
47.05
121.62
122.2
127.0
47.43
47.14
47.05
47.05
127.67
117.51
122.58
47.33
47.14
47.15
46.95
97.9
118.17
119.23
47.72
47.14
47.05
47.15
47.15
69.15
120.38
108.2
123.15
109.91
128.63
125.63
112.99
110.59
133.61
127.88
118.28
126.61
118.62
119.32
115.98
108.1
47.43
47.24
47.14
47.14
46.28
125.25
117.03
129.49
47.43
47.24
47.14
47.14
47.24
126.34
130.35
134.46
47.53
47.24
47.24
47.24
47.24
102.44
117.32
109.25
121.52
102.92
117.21
125.09
121.65
112.97
128.34
98.68
127.11
115.66
108.96
121.53
126.14
118.38
129.88
114.13
47.24
47.24
47.24
47.24
80.32
129.11
129.48
124.52
47.53
47.24
47.24
47.24
47.24
47.24
123.45
111.76
126.81
74.24
81.48
109.62
123.16
117.42
112.25
121.79
120.67
132.55
142.41
124.5
122.96
133.14
135.13
108.11
47.43
47.43
47.33
47.33
47.24
83.1
123.06
120.09
122.29
53.64
47.53
47.33
47.24
47.43
104.36
123.47
121.62
122.19
47.72
47.43
47.33
47.24
47.33
47.33
47.15
102.92
119.33
113.68
101.1
122.89
116.73
121.81
113.06
125.19
124.69
123.16
131.88
135.12
119.71
121.72
134.65
139.9
119.42
47.53
47.43
47.43
47.43
47.33
110.33
128.35
122.1
125.66
47.72
47.53
47.43
47.43
47.43
123.84
111.67
127.39
73.18
81.96
111.86
121.92
119.13
117.51
119.3
108.72
104.04
128.42
101.36
117.03
110.44
133.69
116.9
47.72
47.63
47.62
47.53
47.53
104.25
124.79
125.16
114.93
110.01
118.64
108.67
122.0
111.53
111.96
110.01
120.0
119.43
128.34
127.17
130.16
101.83
108.39
118.18
47.72
47.62
47.62
47.53
47.62
122.0
123.08
118.56
122.39
48.01
47.72
74.62
50.12
127.19
118.65
111.18
122.11
102.34
120.28
142.12
127.17
117.89
107.42
125.26
48.01
47.72
103.96
86.32
53.07
98.38
112.5
107.91
107.62
47.72
106.14
110.0
116.17
110.49
47.82
48.01
104.42
47.72
47.72
47.91
65.41
114.26
47.72
47.81
48.01
80.56
103.27
114.84
47.72
47.81
48.01
67.04
115.03
110.97
47.72
47.91
82.63
115.79
66.85
47.91
47.72
48.01
65.73
116.17
115.59
47.72
47.88
48.1
114.54
116.74
47.82
47.91
101.93
114.92
47.72
48.01
111.07
47.81
47.81
48.01
86.56
117.51
47.81
47.91
47.91
48.01
48.01
80.34
115.13
87.47
47.81
48.01
48.01
114.27
86.27
48.01
48.01
69.92
117.37
112.02
47.72
48.01
68.48
115.84
47.72
48.01
48.01
116.38
109.34
47.81
48.01
109.05
115.7
47.72
48.01
115.32
47.62
48.01
48.01
48.2
48.2
115.36
102.45
47.72
47.91
48.01
48.1
66.85
116.51
74.96
47.91
48.01
48.1
114.54
115.5
47.81
47.91
48.01
114.7
116.84
47.91
47.92
97.43
116.28
47.81
47.91
48.01
116.28
47.82
48.01
106.13
107.52
47.82
47.91
115.21
114.83
47.91
114.36
114.92
47.72
48.1
48.11
116.33
111.83
47.82
47.91
66.02
115.51
115.4
47.72
48.1
75.93
113.27
47.81
48.1
48.2
73.57
116.93
47.82
48.1
48.2
48.39
115.12
47.82
47.91
115.98
100.68
47.82
48.1
80.72
115.9
71.93
47.91
48.1
78.27
115.69
114.64
47.81
48.01
54.41
114.55
48.1
48.01
48.1
48.11
48.1
115.57
116.24
47.91
48.1
101.21
113.49
88.86
48.29
110.25
107.96
49.54
108.58
96.0
107.04
52.49
54.89
48.87
91.2
99.63
51.53
55.76
97.04
89.05
68.67
73.57
82.82
65.6
54.03
49.83
91.49
88.33
76.25
60.36
55.47
74.72
73.66
60.75
47.82
47.82
47.72
50.67
53.65
65.86
53.35
59.88
75.68
47.72
47.72
75.29
77.59
62.95
77.27
69.73
56.14
47.72
47.72
47.24
50.76
132.16
111.63
115.95
108.47
115.68
112.87
102.89
128.23
109.83
122.87
102.18
48.01
63.01
96.99
85.31
80.81
103.5
111.35
108.68
105.71
50.7
105.21
112.53
98.95
119.71
106.81
47.92
116.46
113.35
93.59
101.77
96.18
100.01
82.34
108.1
49.45
104.36
59.6
98.96
101.11
83.59
82.82
48.01
68.39
48.1
48.01
94.12
94.17
83.68
70.79
88.14
82.92
84.93
84.64
87.8
47.72
47.82
76.5
84.64
84.03
88.23
87.42
64.64
47.82
47.81
47.72
48.49
48.01
89.43
85.32
87.99
85.5
80.33
89.15
64.26
80.61
75.87
48.01
87.47
77.55
47.91
47.82
56.33
89.34
48.01
63.63
89.48
88.63
47.72
47.72
47.72
70.21
71.45
86.84
88.29
87.71
68.19
87.42
65.51
87.32
48.01
67.14
77.27
48.01
72.99
47.91
47.72
47.72
74.04
75.87
85.31
49.54
56.43
80.81
84.31
48.1
89.82
88.38
80.52
78.03
89.67
87.71
47.72
47.72
47.72
85.51
64.26
81.2
81.71
87.9
47.81
47.72
47.72
89.72
54.03
50.38
89.96
77.84
48.97
89.24
60.74
87.42
61.03
87.23
87.42
81.57
48.01
47.72
81.48
84.35
73.18
69.12
77.07
89.72
64.55
47.72
47.82
47.82
88.38
72.99
79.08
87.38
63.97
89.11
88.38
87.57
83.78
88.72
76.44
80.43
63.49
87.9
47.62
47.82
75.87
89.48
88.56
47.91
79.76
87.76
47.72
47.72
86.56
86.8
79.57
89.04
80.19
72.32
47.82
47.72
47.63
89.25
88.29
68.96
80.71
85.31
88.62
88.57
87.14
87.61
82.73
71.51
81.97
68.0
75.0
47.81
47.72
47.62
88.86
70.78
73.34
75.44
50.48
47.81
47.72
47.72
72.18
83.3
89.24
87.89
86.57
87.7
67.62
88.57
72.61
87.9
79.09
69.06
89.86
68.39
47.62
47.62
70.78
85.21
72.89
87.23
48.68
88.66
47.72
47.6
47.72
58.63
87.9
88.15
47.91
50.12
85.6
86.61
84.64
84.64
88.29
88.86
89.33
88.38
67.23
47.81
47.72
52.3
72.69
89.82
86.71
80.72
88.96
47.72
47.72
47.72
85.51
81.68
81.48
61.32
89.53
88.81
77.83
47.81
85.41
87.03
88.23
48.87
87.52
77.93
47.72
47.62
50.86
87.8
88.24
68.0
74.23
75.64
47.72
47.72
47.72
88.29
82.72
86.75
88.76
88.28
48.08
77.75
87.42
85.22
52.49
87.51
88.72
56.72
47.91
77.27
88.57
88.48
74.68
76.15
78.99
89.24
84.83
47.72
47.72
47.62
86.94
86.94
63.5
83.49
88.76
72.32
47.91
89.05
88.67
79.23
88.38
61.38
76.88
88.67
47.81
47.72
47.72
85.08
47.91
87.41
87.57
71.84
47.62
47.62
47.53
90.15
88.0
47.91
77.21
85.79
88.0
80.33
79.6
88.97
87.61
87.71
77.64
89.34
88.97
47.72
47.72
83.3
86.75
89.1
88.29
82.81
88.47
47.62
47.62
47.6
87.23
79.43
50.6
52.68
90.28
68.0
48.3
72.09
79.37
49.06
69.44
47.91
89.24
83.11
47.81
47.72
61.19
47.91
54.6
88.29
82.88
89.24
47.72
47.81
47.62
87.52
80.42
88.18
87.37
80.91
85.7
74.53
48.2
85.22
83.69
65.6
77.75
47.81
52.62
47.72
47.72
47.53
87.28
89.53
87.9
88.76
88.09
47.69
47.62
47.53
89.62
89.53
75.73
88.91
81.97
68.86
88.66
88.9
80.57
88.85
84.54
71.99
72.98
88.95
88.09
87.51
85.41
88.24
88.76
89.14
84.13
88.62
47.72
47.62
47.62
53.74
89.2
88.92
88.47
54.12
47.62
47.62
47.62
89.71
88.67
88.28
47.81
51.66
47.62
47.62
47.62
47.91
54.12
87.71
81.71
47.91
47.81
47.62
47.63
90.06
87.14
82.44
49.54
57.0
47.82
47.62
47.63
88.48
72.28
77.65
89.43
87.52
87.14
82.63
89.62
88.04
89.34
87.71
88.28
78.99
88.76
47.91
81.67
88.85
77.84
72.22
82.25
61.22
87.98
47.62
47.62
74.1
76.92
88.14
88.76
90.1
47.91
47.81
47.72
47.53
88.38
87.33
47.91
81.86
88.34
87.28
88.24
88.76
87.96
55.56
47.91
59.31
88.76
78.89
88.1
56.52
89.24
76.82
82.96
77.83
86.17
89.43
47.63
47.62
85.99
51.72
89.19
88.29
82.25
81.57
47.62
47.62
47.72
83.44
51.63
82.67
80.72
87.08
88.76
86.64
54.51
89.14
67.62
57.68
49.83
88.66
48.68
47.53
47.62
47.62
78.61
90.49
88.29
88.09
82.72
47.62
47.62
47.63
67.14
89.01
80.62
88.15
56.24
87.61
89.53
64.1
71.65
89.44
47.91
77.93
48.29
49.61
81.67
67.71
87.99
81.57
86.8
88.47
88.46
47.81
47.62
47.63
47.53
87.7
89.05
88.38
87.89
83.78
47.62
47.62
47.53
87.61
47.91
54.6
83.5
89.33
86.85
88.66
90.01
83.59
87.99
67.71
88.18
87.81
89.33
47.62
47.63
47.53
89.67
88.77
86.75
71.61
87.99
47.62
47.63
88.85
81.67
89.29
88.18
84.83
48.2
47.62
47.63
47.53
87.71
79.47
89.43
88.86
63.3
88.34
89.33
64.29
88.54
83.2
47.91
88.66
67.91
87.28
47.62
47.63
73.76
90.01
47.81
88.91
88.09
89.11
47.62
47.62
47.62
49.35
50.09
87.99
77.75
87.71
84.64
85.04
89.24
88.48
89.62
47.91
83.25
87.76
83.11
47.62
47.62
47.62
64.87
82.53
87.86
82.53
62.28
47.62
47.62
47.62
47.81
47.53
47.53
89.53
63.21
47.53
47.62
47.53
87.13
87.9
52.68
47.72
64.11
89.33
89.33
88.53
88.38
89.43
88.38
88.76
87.85
88.04
47.62
47.62
80.62
80.42
85.03
86.9
87.28
88.15
47.53
47.62
47.62
85.21
89.62
88.38
83.11
88.57
82.15
87.57
80.05
87.8
89.24
89.91
80.33
88.38
86.37
47.62
47.53
78.79
84.83
62.18
77.11
88.63
87.96
47.62
47.62
47.62
85.5
84.16
85.31
89.19
53.07
47.82
47.6
47.62
87.03
88.57
88.34
78.41
61.42
87.53
87.61
79.08
87.14
79.47
88.09
83.54
87.42
78.8
47.62
47.62
47.62
88.24
79.94
61.96
81.97
82.44
47.53
47.62
47.62
89.43
80.33
86.94
79.67
74.13
60.71
59.5
76.35
67.56
87.03
90.1
51.18
87.68
84.64
47.53
47.62
87.9
88.72
82.05
88.52
89.72
47.81
47.63
47.62
47.62
47.53
74.24
57.19
83.3
88.29
89.13
81.52
89.24
70.69
88.57
72.32
80.23
88.09
77.75
47.63
47.53
75.96
89.43
88.62
47.91
88.71
88.18
47.62
47.53
47.62
77.21
84.89
90.1
47.91
83.01
47.62
47.62
47.53
50.41
47.81
64.55
50.28
52.59
47.81
47.62
47.62
90.0
47.81
88.76
74.24
86.9
85.5
83.2
89.14
87.42
48.49
78.6
76.31
88.48
67.62
47.62
47.63
69.73
79.03
87.99
82.33
89.38
87.76
47.62
47.53
47.53
88.43
88.24
88.23
88.95
52.01
47.53
47.53
47.53
89.33
87.05
62.57
78.7
70.69
84.45
87.42
67.52
87.9
88.57
75.82
88.29
87.81
89.05
47.63
47.53
87.33
47.81
79.09
87.42
49.61
77.02
47.62
47.62
76.44
88.57
47.81
56.43
75.73
84.46
47.53
47.63
47.53
87.13
47.81
79.12
87.03
85.04
53.16
87.09
88.62
88.29
89.14
56.62
88.34
85.75
82.91
47.63
47.53
58.73
57.96
89.05
86.51
88.9
87.28
47.62
47.53
47.53
53.35
89.72
87.32
87.33
82.59
47.53
