14.04
10.1
9.71
36.99
49.93
49.93
46.57
46.95
46.86
46.95
46.85
46.95
46.95
46.95
46.95
46.95
46.95
46.95
46.95
46.95
47.05
47.05
47.05
56.14
45.9
45.9
45.99
47.89
48.3
48.01
49.26
47.91
49.06
45.9
45.99
45.99
103.78
107.15
45.99
45.99
93.06
45.99
45.99
101.96
46.09
102.05
52.4
45.99
46.09
46.47
72.22
46.09
46.09
46.38
90.34
45.99
66.85
73.85
46.09
45.99
45.99
87.75
47.05
79.8
46.09
45.99
56.52
46.09
46.09
56.14
46.09
46.09
70.59
80.8
60.65
47.72
46.09
74.29
75.53
59.88
46.96
46.09
46.09
46.09
45.99
45.99
46.09
45.99
46.86
50.79
46.09
46.09
46.09
46.09
46.09
46.09
56.23
55.85
77.45
46.09
88.62
46.18
72.22
46.18
46.19
68.48
46.09
86.03
46.09
86.36
46.09
60.55
46.09
46.09
58.73
46.09
68.77
46.09
81.57
86.65
46.09
46.18
46.09
48.78
46.09
54.22
46.09
56.81
55.56
46.09
46.18
72.41
46.09
46.09
87.85
46.19
46.18
86.84
46.18
46.09
91.0
51.27
46.19
46.09
46.18
89.86
94.36
46.19
46.19
59.94
46.19
46.19
85.46
46.19
46.18
67.33
66.27
46.19
46.19
46.19
46.09
89.0
46.28
46.18
46.19
46.19
82.43
99.67
95.79
46.28
46.28
46.19
46.19
46.19
46.18
46.18
46.19
46.28
63.59
46.19
46.18
103.68
46.28
46.18
103.78
46.28
46.28
46.28
95.41
104.45
97.9
117.5
46.28
46.28
46.28
105.69
46.28
46.28
46.19
99.29
102.44
106.08
46.86
46.28
46.19
47.72
46.28
46.28
46.28
105.79
46.28
46.18
46.28
46.66
46.19
46.28
46.28
46.28
46.28
46.19
46.28
93.02
113.07
109.25
46.28
46.28
46.28
104.54
46.28
46.38
46.18
103.39
46.28
46.28
46.28
106.46
46.28
46.28
46.28
105.79
46.28
46.28
46.28
100.24
106.08
114.94
120.56
46.38
46.28
46.28
46.28
46.38
46.28
46.28
46.19
101.58
106.56
107.52
131.6
46.38
46.28
46.38
106.27
46.38
46.38
46.38
46.28
86.41
105.99
107.52
46.38
46.38
46.38
46.28
104.54
46.38
46.28
46.28
46.47
46.38
46.38
46.38
56.33
46.38
46.38
46.28
104.16
46.38
46.28
46.38
46.38
100.81
118.37
107.23
96.37
46.38
46.38
46.38
46.38
103.68
46.38
46.38
46.38
46.38
46.38
106.74
102.35
108.67
47.24
46.38
46.38
46.38
46.38
49.54
46.38
46.38
46.38
46.38
100.52
113.17
102.54
49.42
46.47
46.47
46.38
46.38
101.47
46.38
46.38
46.38
46.38
46.38
103.59
114.64
116.65
47.33
46.38
46.28
46.38
46.38
51.53
46.38
46.47
46.47
46.38
46.38
107.32
108.76
107.71
134.74
46.47
46.47
46.48
46.38
45.8
101.68
101.39
105.12
47.62
46.47
46.47
46.47
46.48
57.0
47.24
47.14
47.14
47.14
47.14
47.81
47.14
47.14
47.33
104.26
48.68
48.78
48.78
48.78
48.87
48.78
115.88
48.87
48.78
48.78
48.87
105.88
50.51
50.7
50.7
50.51
50.48
50.67
51.27
50.51
50.6
50.67
50.6
50.51
62.85
52.97
52.97
52.97
52.88
52.59
53.36
52.97
52.97
52.97
52.97
56.91
52.97
52.97
52.97
52.97
129.67
52.97
52.97
52.97
52.88
52.88
53.45
53.07
52.97
52.97
52.97
54.22
53.0
52.97
52.97
52.97
137.79
56.14
55.95
56.04
56.04
56.04
144.79
56.14
56.04
56.04
56.04
55.95
56.62
56.14
56.04
56.04
56.04
75.86
56.04
56.04
56.04
56.04
95.52
56.24
56.14
56.04
56.04
139.06
56.14
56.14
56.14
56.04
56.04
69.25
56.14
56.14
56.04
56.04
150.93
56.14
56.14
56.04
56.14
56.04
56.91
56.04
56.04
56.04
56.14
57.77
56.04
56.14
56.04
56.04
55.95
56.04
130.83
56.33
56.14
56.04
56.04
84.88
56.53
56.04
56.04
56.04
56.04
56.72
56.04
56.04
55.95
56.04
56.72
56.04
56.04
56.04
56.04
105.13
56.14
56.04
56.04
56.14
98.0
56.14
56.04
56.04
56.14
56.04
56.72
56.14
56.14
56.04
108.96
56.62
56.14
56.14
56.14
56.04
56.72
56.14
56.24
56.14
56.04
163.71
56.33
56.14
56.14
139.35
178.7
195.18
56.33
