9.43
9.43
9.43
9.52
9.33
9.52
9.23
13.27
9.14
9.91
9.52
41.48
49.54
49.54
46.57
46.57
46.47
46.57
46.57
46.57
46.47
46.66
46.66
46.47
46.57
46.47
46.57
46.67
46.57
46.67
46.66
46.57
46.48
46.57
46.66
46.66
46.57
46.66
46.57
46.57
46.76
87.51
47.33
46.85
46.85
113.67
113.58
108.48
121.43
109.06
113.31
46.76
46.76
103.4
120.37
46.95
46.76
110.8
122.0
47.05
47.05
87.27
122.85
47.14
46.76
46.85
120.03
52.4
46.76
46.86
81.1
126.02
118.18
124.01
120.06
122.95
124.33
120.47
90.87
46.85
46.85
46.85
124.2
120.66
125.55
46.85
46.85
46.76
119.32
122.29
48.49
46.76
46.76
46.66
46.66
101.45
115.59
114.63
120.95
117.32
117.12
123.52
126.21
125.75
76.35
46.76
46.76
46.76
46.76
115.59
123.05
120.56
46.95
46.95
46.85
46.76
117.31
124.71
124.81
46.95
46.76
46.85
46.76
110.8
112.69
114.54
120.15
111.53
118.37
118.74
123.38
126.32
128.74
48.39
46.95
46.95
46.95
46.76
119.99
113.3
121.24
133.22
120.96
109.25
122.09
128.32
127.78
108.96
47.24
46.95
46.95
46.95
46.95
118.65
127.4
126.62
47.24
46.95
46.95
46.95
46.95
116.54
121.43
127.65
47.14
46.95
46.95
46.95
115.85
120.37
131.88
131.12
121.91
114.25
122.29
123.38
123.28
127.58
99.62
47.43
47.05
47.05
46.95
46.95
115.01
124.39
123.66
47.33
47.05
47.05
47.05
47.05
123.05
122.0
124.39
47.24
47.14
47.05
47.05
47.05
126.42
123.82
124.01
47.33
47.14
47.05
47.05
47.05
117.4
128.63
128.25
51.05
47.15
47.05
47.14
47.05
117.13
122.22
128.82
53.16
47.14
47.15
47.15
47.05
116.92
121.61
127.39
47.43
47.14
47.14
47.15
114.25
127.68
121.42
53.16
47.24
47.15
47.14
107.42
117.13
122.48
127.97
47.24
47.24
47.24
47.14
109.36
116.64
110.38
121.81
120.95
115.69
128.63
123.82
121.34
124.49
47.24
47.24
47.24
47.24
103.02
117.69
122.13
127.59
47.33
47.24
47.24
47.14
47.14
115.88
127.01
122.77
47.33
47.24
47.24
47.24
120.75
122.57
128.63
47.62
47.33
47.24
47.24
102.16
118.93
127.49
124.43
47.53
47.24
47.24
47.24
108.0
119.03
128.7
122.61
47.33
47.24
47.24
47.24
121.65
125.77
123.72
122.48
47.31
47.24
47.24
47.24
111.08
132.83
110.14
119.32
116.18
115.6
122.48
128.83
127.69
108.19
47.62
47.43
47.33
47.33
46.76
123.46
124.91
127.75
47.44
47.33
47.34
47.34
101.54
117.4
124.3
120.75
47.43
47.33
116.73
118.46
113.75
123.34
123.84
119.99
47.43
47.34
125.06
120.28
47.43
106.31
114.93
117.79
104.56
47.43
55.08
47.43
60.75
105.12
113.65
55.75
115.4
115.78
105.5
47.53
47.53
92.16
115.5
101.73
48.39
109.44
47.91
114.21
47.82
115.13
47.62
113.49
47.62
114.12
47.72
113.75
48.1
112.21
55.47
95.51
48.1
47.62
98.59
88.91
74.68
73.47
60.65
47.43
47.43
47.44
47.53
56.52
69.63
49.26
100.74
47.53
47.43
47.34
90.48
89.19
48.58
79.75
78.88
47.43
47.43
47.43
58.06
87.46
75.96
73.62
55.28
99.39
84.07
89.06
102.29
48.29
55.56
101.83
53.07
85.12
47.43
47.43
47.43
47.62
71.07
89.29
58.83
47.53
47.53
47.43
47.43
49.06
101.02
75.09
68.83
76.11
54.51
85.89
53.35
67.14
48.39
104.18
62.54
53.07
47.62
89.87
48.87
47.62
48.87
90.15
104.7
51.27
48.2
47.44
47.33
55.85
57.77
79.75
47.91
100.15
95.7
47.43
47.33
66.75
101.59
84.98
52.01
67.9
48.84
47.62
47.43
47.33
57.48
88.95
78.79
86.75
81.28
56.72
92.26
83.68
74.81
51.05
97.54
94.82
86.84
106.29
68.16
55.76
87.8
86.56
103.89
47.91
69.86
51.82
47.44
47.43
47.43
91.35
95.08
50.57
105.13
71.84
47.44
47.43
90.24
93.46
49.83
95.13
53.74
65.22
94.74
96.89
48.1
98.91
50.57
53.74
104.65
108.29
93.4
90.91
110.58
107.61
47.72
109.91
47.62
107.04
47.72
101.26
47.72
111.06
97.72
109.1
108.29
50.86
70.07
48.1
47.53
109.85
111.16
47.62
48.2
91.77
47.81
48.01
47.81
47.81
56.81
47.82
49.52
94.65
109.95
47.72
47.53
47.53
47.43
48.39
47.81
48.2
47.82
48.01
84.4
50.89
98.48
79.51
86.03
90.67
92.83
88.81
81.04
51.72
51.15
58.54
84.21
79.47
83.98
67.33
83.2
63.69
69.73
64.74
67.33
59.69
72.03
73.66
65.89
70.43
54.89
57.1
63.62
64.64
56.52
54.12
48.01
46.76
46.76
46.73
64.26
65.16
62.82
51.24
55.47
46.76
46.76
56.43
55.66
64.49
65.03
62.95
54.7
46.76
46.67
64.16
64.36
64.55
64.2
65.61
59.59
46.76
46.76
46.66
50.96
59.31
62.53
57.3
69.44
46.76
46.76
46.76
59.31
67.53
64.46
57.96
54.12
57.1
65.12
64.93
64.46
62.63
53.55
64.26
63.3
60.94
54.22
60.17
64.93
50.96
67.52
68.96
64.49
67.56
64.26
62.28
65.83
60.17
52.01
58.73
63.68
67.23
46.76
46.66
51.72
67.56
62.73
65.12
64.64
64.93
46.76
46.67
46.76
50.86
64.11
60.55
51.44
54.41
46.76
46.67
46.57
70.24
64.55
62.15
64.68
63.68
64.74
46.67
46.76
52.68
56.14
63.11
64.39
65.22
63.04
46.67
46.76
46.66
61.32
62.19
60.94
61.51
66.12
59.69
62.57
61.61
59.88
55.18
53.16
52.78
51.15
50.96
64.84
53.07
57.19
65.6
67.71
50.6
54.79
59.31
59.79
63.2
51.94
63.2
51.05
47.34
59.5
48.58
58.54
63.97
65.89
60.23
57.48
60.71
55.37
51.92
46.57
46.57
61.7
63.88
59.5
62.73
57.87
64.74
46.57
46.57
55.08
51.44
53.29
66.94
60.9
50.86
46.57
46.57
53.74
59.31
61.77
57.0
47.24
51.44
46.66
46.57
64.97
53.16
65.22
58.15
53.45
63.2
46.57
46.57
58.15
56.81
52.78
55.56
58.35
58.15
46.66
46.67
46.57
56.43
57.58
68.8
62.47
54.99
46.57
46.57
46.57
58.22
63.3
51.37
52.42
67.84
56.23
51.15
50.57
58.54
66.75
61.9
63.68
57.29
54.99
63.24
66.94
57.1
51.63
60.65
55.75
68.96
63.34
58.92
57.87
52.88
55.08
48.2
54.99
57.55
58.83
55.18
56.43
64.17
62.92
63.88
62.86
69.73
62.44
46.57
46.57
51.72
58.99
64.55
52.23
55.95
54.03
46.67
46.67
51.82
50.96
66.85
53.45
55.56
61.29
46.57
46.57
51.25
65.54
54.12
56.52
50.76
49.93
46.57
46.57
46.57
67.71
64.3
55.08
51.75
59.76
46.76
46.57
46.57
51.53
52.3
55.47
57.58
52.68
46.67
46.57
46.57
65.99
65.35
56.81
51.15
51.24
46.57
46.57
46.57
63.63
65.22
68.57
67.23
67.62
46.57
46.57
46.57
55.47
51.94
51.34
60.46
50.7
46.76
46.57
46.57
61.0
59.6
65.64
62.67
50.86
57.19
46.57
46.57
58.15
60.65
58.63
61.7
68.96
54.41
46.67
46.57
62.53
51.53
60.65
57.96
67.04
52.49
46.57
46.57
46.57
56.81
63.72
62.15
53.45
56.9
46.67
46.57
46.57
61.86
61.61
65.41
53.16
55.95
55.75
69.15
67.42
52.3
53.64
58.51
64.36
62.37
68.29
64.55
67.56
63.2
65.6
64.64
65.13
60.65
58.83
67.91
52.97
54.7
57.67
57.67
52.49
61.1
66.02
69.21
61.67
63.59
65.89
65.89
64.94
65.73
64.07
46.57
46.57
64.74
66.75
50.03
59.59
55.18
56.23
46.57
46.57
46.66
53.55
55.66
54.79
64.65
67.66
46.57
46.57
46.57
59.4
56.72
64.36
57.1
63.62
46.57
46.48
46.57
65.99
61.86
55.85
61.8
61.86
68.38
66.47
56.62
52.49
52.01
55.47
53.64
61.51
51.44
61.13
54.31
53.45
63.33
66.18
65.16
58.25
61.51
46.57
46.67
54.31
51.15
57.48
63.72
61.71
55.47
46.57
46.57
55.47
57.77
52.01
65.13
68.8
56.33
46.57
46.57
46.57
57.0
63.3
58.63
56.14
63.91
46.57
46.57
46.57
58.92
64.55
53.64
50.03
50.7
63.11
50.67
50.12
51.63
52.69
56.33
61.9
64.93
58.73
51.37
53.26
51.08
59.18
63.63
60.9
55.85
50.48
50.57
56.81
57.86
63.34
59.88
59.11
60.27
61.58
46.66
46.67
54.99
64.74
58.44
60.75
64.96
53.07
46.67
46.67
51.47
60.17
50.03
65.7
64.07
65.89
46.67
46.67
46.57
50.48
66.75
59.85
55.37
55.75
46.66
46.57
46.57
55.56
59.69
67.71
68.96
55.08
70.78
51.47
70.24
73.53
65.99
49.45
61.32
54.31
66.37
46.67
46.57
61.22
63.05
62.09
61.7
62.44
60.27
46.67
46.57
55.66
55.66
70.53
56.23
66.21
65.22
46.86
46.67
46.67
53.16
60.36
57.58
70.11
59.31
61.61
68.48
57.1
57.87
55.75
52.3
59.21
52.3
63.01
65.12
65.51
65.41
62.76
61.61
66.89
59.11
62.92
46.57
46.67
56.9
50.86
66.27
64.45
59.98
52.62
46.57
46.57
51.53
57.38
61.13
58.63
61.03
63.21
46.66
46.57
52.68
51.08
52.3
61.32
69.05
60.07
46.57
46.67
58.63
55.85
52.2
55.66
62.24
63.91
46.66
46.57
52.11
50.48
53.74
59.5
54.92
70.3
46.57
46.57
61.77
64.29
70.49
64.46
58.03
64.46
46.67
46.57
46.57
71.07
55.85
63.5
56.33
56.52
46.57
46.57
46.57
64.77
63.62
57.1
48.36
52.49
57.96
61.8
50.6
50.41
71.65
51.92
76.02
54.41
59.4
46.66
46.57
63.43
52.2
57.1
52.97
50.67
61.13
46.67
46.57
63.78
60.46
53.26
50.67
66.09
58.25
46.67
46.67
60.55
65.03
54.22
51.37
58.54
65.06
46.57
46.57
46.57
60.84
66.31
64.97
51.92
59.12
46.57
46.57
46.67
55.85
61.99
67.71
46.95
52.11
67.62
66.76
49.26
48.68
48.37
63.05
51.34
65.41
52.11
56.14
55.75
55.75
59.5
60.07
53.48
53.26
64.65
60.36
65.99
65.89
60.94
59.11
55.85
61.42
54.12
46.67
46.57
62.47
59.59
64.55
60.84
62.47
53.93
46.67
46.57
52.88
51.27
56.81
55.85
51.92
61.19
46.67
46.57
52.4
51.56
53.35
68.1
67.71
54.51
46.57
46.57
61.23
57.19
50.67
51.15
48.37
52.49
46.66
46.57
51.44
51.27
55.18
61.61
55.66
51.56
46.67
46.67
69.06
61.61
63.72
52.68
51.53
61.42
46.67
46.57
46.57
62.38
63.43
62.34
64.1
51.82
46.66
46.67
46.66
46.66
65.16
66.12
66.09
68.77
46.76
46.57
46.66
64.64
61.7
51.56
54.41
61.42
64.55
58.83
56.23
65.25
62.85
68.67
63.62
49.45
59.28
46.57
46.57
51.44
55.27
53.93
51.24
50.57
48.49
46.57
46.57
46.57
57.39
52.59
55.66
55.18
60.17
46.57
46.57
55.85
70.49
63.97
54.6
50.51
51.34
46.57
46.57
46.57
54.99
55.56
57.1
56.23
55.27
51.94
51.05
59.31
59.08
63.88
64.74
63.53
62.54
64.93
63.82
64.74
64.93
58.44
50.86
59.21
67.33
67.39
56.33
57.58
55.76
65.41
65.06
63.81
68.48
53.45
53.1
53.55
58.15
64.93
64.07
62.76
67.81
61.61
46.57
46.57
52.52
51.53
68.61
55.47
62.15
64.93
46.57
46.57
55.18
56.91
62.53
67.56
54.03
52.97
46.57
46.57
55.08
53.93
52.01
52.68
61.99
51.92
46.57
46.57
51.85
52.97
52.23
68.67
61.71
55.66
46.57
46.57
67.46
55.27
55.18
55.47
54.03
58.63
46.57
46.57
64.11
50.7
61.51
52.88
56.33
64.97
46.57
46.57
46.57
60.17
65.45
61.23
56.33
50.99
46.57
46.57
46.57
59.69
59.98
68.19
63.69
58.63
46.67
46.57
46.57
65.6
66.21
52.71
51.44
59.79
54.6
69.48
61.67
62.18
68.58
59.88
51.05
55.18
65.61
46.57
46.57
56.14
54.99
64.93
53.55
52.88
46.57
46.57
46.57
57.0
61.03
65.06
68.19
65.83
68.19
46.57
46.57
59.98
63.81
60.9
59.59
65.89
65.44
46.57
46.57
46.57
53.35
61.77
54.31
52.68
64.26
46.66
46.57
46.57
60.55
65.25
59.02
69.15
58.63
68.39
50.99
73.72
48.39
51.75
68.29
58.54
73.33
63.05
53.45
65.35
56.04
57.48
54.99
60.55
59.28
60.17
51.34
64.2
54.12
50.67
64.07
47.05
52.33
67.23
46.57
46.67
59.59
56.81
51.92
64.45
62.47
65.22
46.57
46.57
46.57
50.48
61.03
68.19
71.26
51.82
46.67
46.66
46.67
71.07
52.78
69.21
70.27
50.99
62.25
57.39
64.2
63.49
60.55
60.36
51.66
52.2
46.76
46.57
46.57
63.11
67.9
49.93
52.59
52.4
61.13
46.57
46.67
62.67
61.61
57.38
61.0
62.92
50.86
46.57
46.57
56.72
60.07
57.29
56.62
63.3
63.4
62.06
63.01
56.52
60.36
60.84
62.34
60.07
62.28
45.99
45.9
58.92
66.85
57.39
51.34
48.59
49.45
45.9
45.9
68.29
67.71
68.39
59.59
55.47
54.6
46.09
45.9
45.9
52.4
60.42
61.1
53.83
49.26
52.01
51.15
59.69
66.31
54.41
50.79
55.85
51.76
46.09
45.9
45.9
59.49
57.2
66.75
52.59
64.74
47.15
61.7
54.6
62.57
62.25
61.23
62.38
55.69
50.0
50.51
53.45
66.94
61.89
58.92
62.47
61.22
54.03
59.97
55.18
60.07
62.86
60.94
62.85
62.92
60.65
45.9
45.9
64.1
61.0
60.07
60.46
60.14
50.89
45.9
45.9
63.43
63.01
62.76
62.66
62.57
56.23
45.99
45.9
64.46
50.96
61.89
67.94
64.74
57.58
45.99
45.9
45.9
68.58
71.13
54.79
61.71
50.6
45.99
45.9
45.9
63.2
50.7
50.28
57.58
53.45
45.99
45.9
45.9
59.59
58.89
59.31
48.39
50.67
45.99
45.9
45.9
62.63
58.73
65.06
54.03
59.98
45.9
45.9
45.9
53.16
62.28
60.65
62.25
59.98
45.99
45.9
45.99
59.98
47.24
63.97
50.79
45.99
45.9
45.9
46.67
58.73
65.25
62.95
61.48
63.43
45.99
45.9
45.9
59.4
52.11
54.31
54.51
53.35
45.99
45.9
45.9
63.02
49.8
55.66
61.42
52.68
45.9
45.9
58.06
64.1
54.31
54.03
54.6
63.01
45.9
45.9
61.61
64.07
60.26
57.1
54.7
63.01
45.99
45.9
61.99
54.22
61.61
62.37
60.23
50.32
45.9
45.9
58.15
59.11
63.81
52.42
64.83
52.4
45.9
45.9
63.21
66.56
58.73
56.43
57.38
58.44
45.9
45.9
65.7
63.3
64.16
49.45
51.05
50.67
45.9
45.9
62.19
49.35
51.56
50.99
46.18
60.27
45.99
45.9
55.95
51.44
49.42
52.4
63.01
63.49
45.9
45.9
51.82
54.89
60.74
55.95
66.5
60.46
45.9
45.99
65.51
49.83
62.44
58.63
51.72
56.24
45.9
45.9
63.4
46.0
45.9
45.9
60.33
60.23
45.9
45.9
67.04
68.48
68.39
61.13
58.54
62.73
45.9
45.9
65.51
71.84
57.0
52.81
51.66
48.68
45.9
45.99
68.13
57.77
58.63
53.35
49.74
47.91
45.9
45.9
50.48
48.97
56.71
52.97
52.2
59.31
45.9
45.99
100.62
98.48
102.63
99.14
103.68
92.17
114.25
45.99
93.69
93.79
84.69
93.27
49.83
45.99
101.68
45.99
99.95
46.09
81.96
99.82
101.54
98.19
46.09
46.18
46.28
46.28
88.28
84.07
46.28
95.8
48.1
95.61
50.22
96.47
82.72
89.86
47.14
46.18
61.71
47.34
74.67
74.48
45.99
82.59
69.82
69.06
77.26
76.11
72.95
77.74
80.8
45.99
45.99
46.0
74.72
48.39
72.8
61.32
58.35
46.0
45.99
46.0
51.44
57.48
61.32
54.6
70.84
69.15
52.88
68.71
64.68
68.39
71.17
66.6
64.97
61.8
45.99
45.9
65.32
65.12
61.61
70.78
52.97
52.01
45.99
45.99
50.86
60.74
63.3
47.43
54.22
62.82
46.0
45.99
52.59
66.18
62.38
50.48
57.48
61.42
45.99
45.99
62.15
61.96
55.37
61.61
66.27
61.9
46.0
45.9
64.1
67.9
69.73
68.96
68.67
64.17
45.99
45.9
45.9
58.15
51.75
62.47
54.89
53.16
46.09
45.99
45.9
54.6
59.21
53.0
56.14
48.78
46.18
45.99
45.9
56.43
59.02
63.59
60.55
58.73
51.92
51.72
60.84
65.5
58.92
58.89
60.71
49.83
61.67
45.99
45.99
62.76
55.56
59.02
56.14
57.29
58.82
45.99
45.99
52.4
51.82
67.24
50.96
56.81
53.35
46.0
45.9
45.9
51.44
51.72
66.57
66.41
63.01
53.64
61.96
66.18
49.52
49.54
62.53
57.29
52.97
46.09
45.9
45.9
56.04
62.57
62.09
50.79
56.04
62.34
66.37
50.09
62.82
62.82
61.23
56.72
60.84
58.79
45.9
45.9
64.45
63.59
63.21
53.74
66.18
63.24
45.99
45.99
66.27
69.31
70.11
57.48
49.74
59.98
45.99
45.99
62.06
61.42
54.03
54.99
58.25
63.49
45.9
46.0
61.99
61.96
58.73
50.48
52.97
54.51
46.09
46.0
45.99
62.06
63.2
54.41
55.95
63.78
45.99
45.9
45.99
66.69
66.27
64.11
53.45
60.17
46.09
45.8
45.9
51.24
60.52
54.7
49.83
60.9
65.61
52.4
48.97
50.22
53.16
67.9
56.52
53.16
54.31
57.0
65.64
60.36
52.4
54.89
51.63
52.3
70.97
46.0
46.0
54.51
53.45
58.15
59.5
56.72
48.29
45.99
45.9
55.85
62.37
65.79
52.49
57.0
60.81
46.0
45.9
51.85
53.93
59.21
57.87
50.41
54.89
46.0
45.9
45.9
59.21
59.31
53.19
50.79
55.08
45.99
46.0
45.9
63.24
52.97
48.2
61.22
50.38
46.0
46.0
45.9
57.87
50.09
51.63
62.15
66.5
45.99
45.9
45.9
60.33
55.08
50.51
55.66
61.61
45.99
46.0
45.9
61.0
61.71
60.55
52.97
52.11
45.99
45.9
45.9
50.41
58.35
62.53
62.37
56.14
45.99
45.9
45.9
60.55
53.55
54.7
61.67
54.41
46.09
45.99
45.9
62.47
49.8
58.25
66.95
63.34
46.09
45.9
45.9
50.76
56.81
65.45
54.51
70.21
46.09
45.9
45.9
52.11
58.54
68.58
69.48
63.69
57.58
53.93
66.66
69.15
65.22
61.89
51.92
52.42
46.09
45.9
45.9
59.4
53.55
55.75
53.16
53.64
68.29
57.58
53.93
67.43
62.34
61.61
65.6
52.68
57.0
50.6
55.08
70.01
68.48
69.92
51.53
63.24
50.51
53.93
50.51
66.56
62.57
54.6
50.48
54.89
45.9
